 [MO]
  Sym= A1
  Ene= 0.000000
  Spin= Alpha
  Occup= 1
1   0.3182589616
2   0.2753976617
3  -0.0182624083
4   0.0000000000
5   0.0000000000
6   0.3182589616
7   0.2753976617
8   0.0182624083
9   0.0000000000
10   0.0000000000
  Sym= A1
  Ene= 0.000000
  Spin= Alpha
  Occup= 1
1   0.1204178499
2   1.7184766276
3  -0.0023708803
4   0.0000000000
5   0.0000000000
6  -0.1204178499
7  -1.7184766276
8  -0.0023708803
9   0.0000000000
10   0.0000000000
  Sym= A1
  Ene= 0.000000
  Spin= Alpha
  Occup= 1
1  -0.7460816528
2   0.6774057459
3   0.0357842900
4   0.0000000000
5   0.0000000000
6  -0.7460816528
7   0.6774057459
8  -0.0357842900
9   0.0000000000
10   0.0000000000
  Sym= A1
  Ene= 0.000000
  Spin= Alpha
  Occup= 1
1   0.8820101546
2  -1.3924686394
3   0.2815344941
4   0.0000000000
5   0.0000000000
6  -0.8820101546
7   1.3924686394
8   0.2815344941
9   0.0000000000
10   0.0000000000
  Sym= A1
  Ene= 0.000000
  Spin= Alpha
  Occup= 1
1   0.0000000000
2   0.0000000000
3   0.0000000000
4   0.0000000000
5   0.6107844609
6   0.0000000000
7   0.0000000000
8   0.0000000000
9   0.0000000000
10   0.6107844609
  Sym= A1
  Ene= 0.000000
  Spin= Alpha
  Occup= 1
1   0.0000000000
2   0.0000000000
3   0.0000000000
4   0.6107844609
5   0.0000000000
6   0.0000000000
7   0.0000000000
8   0.0000000000
9   0.6107844609
10   0.0000000000
  Sym= A1
  Ene= 0.000000
  Spin= Alpha
  Occup= 1
1   0.3861194115
2  -0.1865920085
3   0.6474901300
4   0.0000000000
5   0.0000000000
6   0.3861194115
7  -0.1865920085
8  -0.6474901300
9   0.0000000000
10   0.0000000000
  Sym= A1
  Ene= 0.000000
  Spin= Alpha
  Occup= 1
1   0.0000000000
2   0.0000000000
3   0.0000000000
4  -0.8705699289
5   0.0000000000
6   0.0000000000
7   0.0000000000
8   0.0000000000
9   0.8705699289
10   0.0000000000
  Sym= A1
  Ene= 0.000000
  Spin= Alpha
  Occup= 1
1   0.0000000000
2   0.0000000000
3   0.0000000000
4   0.0000000000
5  -0.8705699289
6   0.0000000000
7   0.0000000000
8   0.0000000000
9   0.0000000000
10   0.8705699289
  Sym= A1
  Ene= 0.000000
  Spin= Alpha
  Occup= 1
1  -1.4455359755
2  -0.1623553983
3   1.5765289988
4   0.0000000000
5   0.0000000000
6   1.4455359755
7   0.1623553983
8   1.5765289988
9   0.0000000000
10   0.0000000000
