       0.0000000000000000000000000       0.0000000000000000000000000       0.0000000000000000000000000       0.0000000000000000000000000       0.5616187874837419435891661       0.0000000000000000000000000       0.0000000000000000000000000       0.0000000000000000000000000       0.0000000000000000000000000       0.0000000000000000000000000
       0.0000000000000000000000000       0.0000000000000000000000000       0.0000000000000000000000000       0.0000000000000000000000000       0.0000000000000000000000000       0.0000000000000000000000000       0.0000000000000000000000000       0.0000000000000000000000000      -0.3884910767532996356266040       0.0000000000000000000000000
       0.0000000000000000000000000       0.0000000000000000000000000       0.0000000000000000000000000       0.0000000000000000000000000      -0.0242091738582175114435913       0.0000000000000000000000000       0.0000000000000000000000000       0.0000000000000000000000000       0.0000000000000000000000000       0.0000000000000000000000000
       0.0000000000000000000000000       0.0000000000000000000000000       0.0000000000000000000000000       0.0000000000000000000000000       0.0000000000000000000000000       0.0000000000000000000000000       0.0000000000000000000000000       0.0000000000000000000000000      -0.3076015749890247952258449       0.0000000000000000000000000
       0.5616187874837419435891661       0.0000000000000000000000000      -0.0242091738582175045046974       0.0000000000000000000000000       0.0000000000000000000000000       0.0000000000000000000000000      -0.0213245489505850052691649       0.0000000000000000000000000       0.0000000000000000000000000       0.0000000000000000000000000
       0.0000000000000000000000000       0.0000000000000000000000000       0.0000000000000000000000000       0.0000000000000000000000000       0.0000000000000000000000000       0.0000000000000000000000000       0.0000000000000000000000000       0.0000000000000000000000000       0.0000000000000000000000000       0.0000000000000000000000000
       0.0000000000000000000000000       0.0000000000000000000000000       0.0000000000000000000000000       0.0000000000000000000000000      -0.0213245489505849983302710       0.0000000000000000000000000       0.0000000000000000000000000       0.0000000000000000000000000       0.0000000000000000000000000       0.0000000000000000000000000
       0.0000000000000000000000000       0.0000000000000000000000000       0.0000000000000000000000000       0.0000000000000000000000000       0.0000000000000000000000000       0.0000000000000000000000000       0.0000000000000000000000000       0.0000000000000000000000000       0.0000000000000000000000000       0.0000000000000000000000000
       0.0000000000000000000000000      -0.3884910767532997466489064       0.0000000000000000000000000      -0.3076015749890247397146936       0.0000000000000000000000000       0.0000000000000000000000000       0.0000000000000000000000000       0.0000000000000000000000000       0.0000000000000000000000000       0.1244053649923993754011775
       0.0000000000000000000000000       0.0000000000000000000000000       0.0000000000000000000000000       0.0000000000000000000000000       0.0000000000000000000000000       0.0000000000000000000000000       0.0000000000000000000000000       0.0000000000000000000000000       0.1244053649923991949899360       0.0000000000000000000000000
