       0.0000000000000000000000000       1.0050795859617147609554877       0.0000000000000000000000000       0.2075675453149125049279178       0.0000000000000000000000000       0.0000000000000000000000000       0.0000000000000000000000000       0.0000000000000000000000000       0.0000000000000000000000000       0.0276333578229852709629011
       1.0050795859617145389108828       0.0000000000000000000000000       1.0354391309294121992223836       0.0000000000000000000000000       0.0000000000000000000000000       0.0000000000000000000000000       0.3728218970574721513600025       0.0000000000000000000000000       0.0000000000000000000000000       0.0000000000000000000000000
       0.0000000000000000000000000       1.0354391309294121992223836       0.0000000000000000000000000      -0.9358581377374314280714884       0.0000000000000000000000000       0.0000000000000000000000000       0.0000000000000000000000000       0.0000000000000000000000000       0.0000000000000000000000000      -0.0014711599242982244251099
       0.2075675453149123383944641       0.0000000000000000000000000      -0.9358581377374316501160934       0.0000000000000000000000000       0.0000000000000000000000000       0.0000000000000000000000000       0.7339996849981434978715811       0.0000000000000000000000000       0.0000000000000000000000000       0.0000000000000000000000000
       0.0000000000000000000000000       0.0000000000000000000000000       0.0000000000000000000000000       0.0000000000000000000000000       0.0000000000000000000000000       0.0000000000000000000000000       0.0000000000000000000000000       0.0000000000000000000000000      -0.7444228185439069056528183       0.0000000000000000000000000
       0.0000000000000000000000000       0.0000000000000000000000000       0.0000000000000000000000000       0.0000000000000000000000000       0.0000000000000000000000000       0.0000000000000000000000000       0.0000000000000000000000000      -0.7444228185439069056528183       0.0000000000000000000000000       0.0000000000000000000000000
       0.0000000000000000000000000       0.3728218970574721513600025       0.0000000000000000000000000       0.7339996849981436088938835       0.0000000000000000000000000       0.0000000000000000000000000       0.0000000000000000000000000       0.0000000000000000000000000       0.0000000000000000000000000       0.7900329739761033920331101
       0.0000000000000000000000000       0.0000000000000000000000000       0.0000000000000000000000000       0.0000000000000000000000000       0.0000000000000000000000000      -0.7444228185439070166751208       0.0000000000000000000000000       0.0000000000000000000000000       0.0000000000000000000000000       0.0000000000000000000000000
       0.0000000000000000000000000       0.0000000000000000000000000       0.0000000000000000000000000       0.0000000000000000000000000      -0.7444228185439070166751208       0.0000000000000000000000000       0.0000000000000000000000000       0.0000000000000000000000000       0.0000000000000000000000000       0.0000000000000000000000000
       0.0276333578229854270880139       0.0000000000000000000000000      -0.0014711599242981134028074       0.0000000000000000000000000       0.0000000000000000000000000       0.0000000000000000000000000       0.7900329739761033920331101       0.0000000000000000000000000       0.0000000000000000000000000       0.0000000000000000000000000
