 2mocoef
header
                     4
MO-coefficients from mcscf.x                                                    
 with dummy occupation 1.0 for active orbitals                                  
 total ao core energy =    0.714285714                                          
MCSCF energy =      -1.149536257                                                
                     1
                    10                    10
   a
mocoef
(1p3d25.15)                             
    3.252064601423640D-01    2.698786007602244D-01   -1.531090290636011D-02
   -1.475372725494222D-17    1.211402550507809D-16    3.252064601423473D-01
    2.698786007602714D-01    1.531090290636201D-02    1.193083007901679D-17
   -6.256329197632636D-18
    7.356964089634057D-01    5.524105283477059D-01    4.340486674396117D-02
   -1.904327359147224D-16    1.040560288162035D-16   -7.356964089634052D-01
   -5.524105283477104D-01    4.340486674397795D-02    1.779158061812451D-16
    3.738809720191432D-17
   -7.441076688350620D-01    6.793532674359160D-01    3.532402620211800D-02
   -1.614864749739770D-16   -2.038779662721240D-16   -7.441076688350723D-01
    6.793532674358935D-01   -3.532402620212383D-02   -3.153759761512917D-16
   -6.344806313492744D-17
    6.494699399541819D-01   -2.143062340831511D+00    2.091142913560838D-01
    5.758148326039193D-17   -1.773569915831811D-16   -6.494699399541947D-01
    2.143062340831509D+00    2.091142913560847D-01    1.410955516037891D-17
    1.651082798815857D-16
   -6.651479087156751D-17   -2.348382223750580D-16   -4.914248650556028D-16
   -5.985471040401867D-01    1.216512306616270D-01   -5.332509965217650D-17
    6.112826591344445D-17    5.613094133805308D-16   -5.985471040401895D-01
    1.216512306616273D-01
    2.271557385139558D-16   -6.504120692539751D-17   -1.840873876036630D-16
   -1.216512306616265D-01   -5.985471040401877D-01    5.833396760026509D-17
   -1.804188484040804D-16    1.917353338554747D-16   -1.216512306616279D-01
   -5.985471040401885D-01
    3.841345267306415D-01   -1.875731141186764D-01    6.475919154077936D-01
    2.397362561472339D-15   -7.662581436472153D-16    3.841345267306224D-01
   -1.875731141186859D-01   -6.475919154077909D-01   -3.415023304239813D-15
    6.339538781207442D-16
    1.052392279535531D-15   -9.248893531268680D-16    2.195169972313599D-15
   -7.526097158086108D-01    4.375735557663208D-01    1.268746133199718D-15
   -1.775017919647934D-16   -2.075970620821126D-15    7.526097158086090D-01
   -4.375735557663210D-01
   -2.514874845080542D-16   -1.098380422317472D-16   -6.062255788186132D-16
    4.375735557663213D-01    7.526097158086100D-01   -5.772610066905425D-16
    4.828799783105998D-16    6.630393070668349D-16   -4.375735557663205D-01
   -7.526097158086094D-01
   -1.385263952746285D+00   -1.435845328799657D-01    1.587166723188703D+00
    3.152131799130002D-17   -1.061584948471031D-17    1.385263952746283D+00
    1.435845328799685D-01    1.587166723188704D+00   -1.368371426123039D-17
    5.889271053150669D-18
orbocc
(1p3d25.15)                             
    1.000000000000000D+00    1.000000000000000D+00    0.000000000000000D+00
    0.000000000000000D+00    0.000000000000000D+00    0.000000000000000D+00
    0.000000000000000D+00    0.000000000000000D+00    0.000000000000000D+00
    0.000000000000000D+00
