 4 compact or full orbital order
 (3d25.12)
                    10
      -0.587169645819D+00       0.197710173762D+01
       0.645300397426D+00       0.228982623801D-01
       0.773387198799D+00       0.000000000000D+00
       0.926616407460D+00       0.000000000000D+00
       0.196322090026D+01       0.000000000000D+00
       0.196322090026D+01       0.000000000000D+00
       0.270901051077D+01       0.000000000000D+00
       0.293390800135D+01       0.000000000000D+00
       0.293390800135D+01       0.000000000000D+00
       0.451222287063D+01       0.000000000000D+00
